(-1; 4), 
(-2; 1), 
(-3; 2), 
(-4; 2), 
(-4; 3), 
(-6; 4), 
(-6; 6), 
(-8; 9), 
(-7; 10), 
(-6; 10), 
(-6; 11), 
(-5; 10), 
(-4; 10), 
(-3; 9), 
(-1; 10), 
(1; 9), 
(3; 10), 
(4; 11), 
(4; 16), 
(3; 18), 
(5; 17), 
(6; 17), 
(5; 16), 
(6; 12), 
(6; 9), 
(4; 7), 
(1; 6),
(2; 5), 
(5; 4), 
(5; 3), 
(4; 4), 
(1; 2), 
(1; 0), 
(3; -4), 
(4; -5), 
(1;-7), 
(1; -6), 
(0; -4), 
(-2; -7), 
(-1; -8), 
(-5; -7),
(-4; -6), 
(-5; -4), 
(-7;-5), 
(-7; -7), 
(-6; -8), 
(-10; -8), 
(-10; -7), 
(-10; -6), 
(-11; -7),
(-11; -8), 
(-14; -6), 
(-13; -5), 
(-12; -3), 
(-13; -2), 
(-14; -3), 
(-12; 1), 
(-10; 3), 
(-8; 3), 
(-6; 4),